longitude, latitude
(1, 1)
(103.86571922005741, 1.350842047308327)
(103.8656885364091, 1.350752038360556)
(103.86568748112195, 1.350752689254098)
(103.8656880076487, 1.3507545397635778)
(103.86561348613326, 1.3507601983369903)
(103.86572002090138, 1.350796522118318)
(103.86572152866853, 1.350720512573253)
(103.86572152868159, 1.3507205123165822)
(103.86572984679493, 1.350772971774022)
(103.86572984681001, 1.3507729715020615)
(103.86566553245467, 1.3507652516753361)
(0.3, 1.3)
(2.0, 2.0)
(0.33333, 1.3)
(1.0, 1.0)
(1.0, 1.0)
(103.8656885364091, 1.350842047308327)
(103.86572152868159, 1.350842047308327)
(103.86572152868159, 1.350842047308327)
(103.86572152868159, 1.350842047308327)
(103.86572152868159, 1.350842047308327)
(103.86572152868159, 103.86572152868159)
(103.86572152868159, 1.350842047308327)
(103.86572152868159, 1.350842047308327)
(103.86572152868159, 1.350842047308327)
(103.86572152868159, 1.350842047308327)
(103.86572152868159, 1.350842047308327)
(1.0, 1.0)
(103.86572152868159, 1.350842047308327)
(103.86572152868159, 1.350842047308327)
(103.86572152868159, 1.350842047308327)
(103.86572152868159, 1.350842047308327)
(103.86572152868159, 1.350842047308327)
(103.86572152868159, 1.350842047308327)
(103.86572152868159, 1.350842047308327)
(103.86572152868159, 1.350842047308327)
(103.86572152868159, 1.350842047308327)
(103.86572152868159, 1.350842047308327)
(103.86572152868159, 1.350842047308327)
(103.86572152868159, 1.350842047308327)
(103.86572152868159, 1.350842047308327)
(103.86572152868159, 1.350842047308327)
(103.86572152868159, 1.350842047308327)
(103.89144329999999, 1.3868121)
(103.89144329999999, 1.3868121)
(103.89144329999999, 1.3868121)
(103.89144329999999, 1.3868121)
(103.83694109999999, 1.3668042)
(103.83694109999999, 1.3668042)
(103.83694109999999, 1.3668042)
(103.83694109999999, 1.3668042)
(103.83694109999999, 1.3668042)
(103.83694109999999, 1.3668042)
(103.83694109999999, 1.3668042)
(103.83694109999999, 1.3668042)
(103.89144329999999, 1.3868121)
(103.89144329999999, 1.3868121)
(103.89144329999999, 1.3868121)
(103.89144329999999, 1.3868121)
(103.89144329999999, 1.3868121)
(103.89144329999999, 1.3868121)
(103.89144329999999, 1.3868121)
(103.89144329999999, 1.3868121)
(103.89144329999999, 1.3868121)
(103.89144329999999, 1.3868121)
(103.89144329999999, 1.3868121)
(103.8369359, 1.3668251999999999)
(103.89144329999999, 1.3868121)
(103.89144329999999, 1.3868121)
(103.89144329999999, 1.3868121)
(103.89144329999999, 1.3868121)
(103.89144329999999, 1.3868121)
(103.89144329999999, 1.3868121)
(103.89144329999999, 1.3868121)
(103.89144329999999, 1.3868121)
(103.89144329999999, 1.3868121)
(103.89144329999999, 1.3868121)
(103.89144329999999, 1.3868121)
(103.89144329999999, 1.3868121)
(103.89144329999999, 1.3868121)
(103.89144329999999, 1.3868121)
(103.89144329999999, 1.3868121)
(103.89144329999999, 1.3868121)
(103.89144329999999, 1.3868121)
(103.89144329999999, 1.3868121)
(103.89144329999999, 1.3868121)
(103.89144329999999, 1.3868121)
(103.89144329999999, 1.3868121)
(103.85238869999999, 1.3667896)
(103.85238869999999, 1.3667896)
(103.85238869999999, 1.3667896)
(103.85238869999999, 1.3667896)
(103.85238869999999, 1.3667896)
(103.85238869999999, 1.3991486)
(103.85238869999999, 1.3667896)
(103.85238869999999, 1.3667896)
(103.85238869999999, 1.3667896)
(103.85238869999999, 1.3667896)
(103.85238869999999, 1.3667896)
(103.85238869999999, 1.3667896)
(103.85238869999999, 1.3667896)
(103.85238869999999, 1.3667896)
(103.85238869999999, 1.3667896)
(103.85238869999999, 1.3667896)
(103.85238869999999, 1.3667896)
(103.85238869999999, 1.3667896)
(103.85238869999999, 1.3667896)
(103.85238869999999, 1.3667896)
(103.85238869999999, 1.3667896)
(103.85238869999999, 1.3667896)
(103.85238869999999, 1.3667896)
(103.85238869999999, 1.3667896)
(103.85238869999999, 1.3667896)
(103.83687789999999, 1.3668432)
(103.83687789999999, 1.3668432)
(103.83687789999999, 1.3668432)
(103.8368759, 1.3668508)
(103.8368759, 1.3668508)
(103.8368759, 1.3668508)
(103.8368759, 1.3668508)
(103.8368759, 1.3668508)
(103.8368759, 1.3668508)
(103.8368733, 1.3668498999999998)
(103.8368733, 1.3668498999999998)
(103.8368733, 1.3668498999999998)
(103.8368733, 1.3668498999999998)
(103.83690070000002, 1.3668161)
(103.83690070000002, 1.3668161)
(103.836867, 1.3668287)
(103.836867, 1.3668287)
(103.8369043, 1.3668273)
(103.8369043, 1.3668273)
(103.83689749999999, 1.3667947)
(103.8369029, 1.3668284)
(103.8368656, 1.3668645)
(103.83689509999999, 1.3668405)
(103.83689509999999, 1.3668405)
(103.83695612616313, 1.3665479678312102)
(103.83690059999999, 1.3668023)
(103.83689369999999, 1.3668350999999999)
(103.83689369999999, 1.3668350999999999)
(103.8368833, 1.3668365999999998)
(103.8368833, 1.3668365999999998)
(103.83685518173235, 1.3665443807033066)
(103.8368926, 1.3668266999999998)
(103.8369053, 1.366805)
(103.8369053, 1.366805)
(103.836897, 1.3668069)
(103.836897, 1.3668069)
(103.8368867, 1.3668152999999998)
(103.8369, 1.3668316999999999)
(103.836897, 1.3668151)
(103.83690999999999, 1.3668339)
(103.83688079999999, 1.3668407)
(103.85238869999999, 1.3667896)
(103.8368914, 1.3668091999999998)
(103.83693129999999, 1.3668231)
(103.8369573, 1.3668262)
(103.8369438, 1.3668213)
(103.8369438, 1.3668213)
(103.83690569999999, 1.3668304999999998)
(103.83688409999999, 1.3668247)
(103.8368873, 1.3668409)
